-1.97
-1.97
-2.41
-2.76
-3.06
-3.31
-3.31
-3.5
-3.7
-3.85
-3.87
-4.03
-4.16
-4.28
-4.39
-4.49
-4.58
-4.67
-4.74
-4.82
-4.88
-4.94
-5
-5.06
-5.11
-5.15
-5.2
-5.24
-5.28
-5.32
-5.35
-5.39
-5.42
-5.45
-4.9
-4.65
-4.63
-4.71
-4.78
-4.85
-4.91
-4.97
-4.99
-5.01
-5
-4.02
-3.93
-4.08
-4.21
-4.32
-4.43
-4.5
-4.59
-4.67
-4.62
-4.7
-4.78
-4.84
-4.91
-4.97
-4.96
-5.02
-5.07
-5.12
-5.16
-5.21
-5.25
-5.29
-5.33
-5.36
-5.4
-5.43
-5.46
-5.49
-5.51
-5.54
-5.57
-5.59
-5.61
-5.64
-5.64
-5.66
-5.68
-5.7
-5.72
-5.74
-5.76
-5.78
-5.79
-5.81
-5.82
-5.84
-5.85
-5.87
-5.88
-5.89
-5.9
-5.92
-5.93
-5.94
-5.95
-5.96
-5.97
-5.98
-5.99
-6
-6.01
-6.02
-6.03
-6.04
-6.05
-6.06
-6.06
-6.07
-6.08
-6.09
-6.1
-6.1
-6.11
-6.12
-6.12
-6.13
-6.14
-6.14
-6.15
-6.16
-6.16
-6.17
-6.17
-6.18
-6.18
-6.19
-6.2
-6.2
-6.21
-6.21
-6.22
-6.22
-6.23
-6.23
-6.23
-6.24
-6.24
-6.25
-6.25
-6.26
-6.26
-6.26
-6.27
-6.27
-6.28
-6.28
-6.28
-6.29
-6.29
-6.3
-6.3
-6.3
-6.31
-6.31
-6.31
-6.32
-6.32
-6.32
-6.33
-6.33
-6.33
-6.33
-6.34
-6.34
-6.34
-6.35
-6.35
-6.35
-6.35
-6.36
-6.36
-6.36
-6.37
-6.37
-6.37
-6.37
-6.38
-6.38
-6.38
-6.38
-6.38
-6.39
-6.39
-6.39
-6.39
-6.4
-6.4
-6.4
-6.4
-6.4
-6.41
-6.41
-6.41
-6.41
-6.41
-6.42
-6.42
-6.42
-6.42
-6.42
-6.43
-6.43
-6.43
-6.43
-6.43
-6.44
-6.44
-6.44
-6.44
-6.44
-6.44
-6.45
-6.45
-6.45
-6.45
-6.45
-6.45
-6.46
-6.46
-6.46
-6.46
-6.46
-6.46
-6.46
-6.47
-6.47
-6.47
-6.47
-6.47
-6.47
-6.47
-6.48
-6.48
-6.48
-6.48
-6.48
-6.48
-6.48
-6.48
-6.49
-6.49
-6.49
-6.49
-6.49
-6.49
-6.49
-6.49
-6.5
-6.5
-6.5
-6.5
-6.5
-6.5
-6.5
-6.5
-6.5
-6.51
-6.51
-6.51
-6.51
-6.51
-6.51
-6.51
-6.51
-6.51
-6.52
-6.02
-5.57
-5.6
-5.62
-5.64
-5.66
-5.68
-5.7
-5.72
-5.74
-5.7
-5.63
-5.64
-5.66
-5.68
-5.7
-5.72
-5.74
-5.76
-5.76
-4.97
-4.06
-4.19
-4.24
-4.36
-4.46
-4.55
-4.64
-3.25
-3.41
-3.62
-3.8
-3.96
-4.1
-4.02
-4.07
-3.44
-3.57
-3.76
-3.92
-4.01
-4.13
-4.26
-4.37
-4.47
-4.56
-4.65
-4.73
-4.8
-4.87
-4.93
-4.99
-5.04
-5.09
-5.14
-5.19
-5.23
-5.27
-5.31
-5.35
-5.38
-5.4
-5.42
-5.36
-5.4
-5.11
-5.15
-5.2
-5.24
-5.16
-5.2
-5.23
-5.27
-5.31
-5.33
-5.37
-5.4
-5.43
-5.45
-5.48
-5.51
-5.53
-5.56
-5.58
-5.61
-5.63
-5.65
-5.67
-5.69
-5.71
-5.73
-5.75
-5.76
-5.78
-5.54
-5.04
-4.82
-4.75
-4.82
-4.88
-4.93
-3.55
-3.64
-3.82
-3.95
-4.1
-4.22
-4.12
-4.24
-4.35
-4.1
-4.18
-3.94
-4.06
-4.19
-4.26
-4.25
-4.37
-4.47
-4.56
-4.65
-4.73
-4.8
-4.87
-4.93
-4.99
-5.04
-5.09
-5.14
-5.19
-5.23
-5.27
-5.31
-5.34
-5.38
-5.41
-5.44
-5.47
-5.5
-5.53
-5.55
-5.58
-5.6
-5.62
-5.65
-5.67
-5.69
-5.71
-5.73
-5.74
-5.76
-5.78
-5.79
-5.81
-5.82
-5.84
-5.85
-5.87
-5.88
-5.89
-5.91
-5.92
-5.93
-5.94
-5.95
-5.96
-5.97
-5.98
-5.99
-6
-6.01
-6.02
-6.03
-6.04
-6.05
-6.06
-6.07
-6.07
-6.08
-6.09
-6.1
-6.1
-6.11
-6.12
-6.12
-6.13
-6.14
-6.14
-6.15
-6.16
-6.16
-6.17
-6.17
-6.18
-6.19
-6.19
-6.2
-6.2
-6.21
-6.21
-6.22
-6.22
-6.23
-6.23
-6.24
-6.24
-6.24
-6.25
-6.25
-6.26
-6.26
-6.27
-6.27
-6.27
-6.28
-6.28
-6.28
-6.29
-6.29
-6.3
-6.3
-6.3
-6.31
-6.31
-6.31
-6.32
-6.32
-6.32
-6.33
-6.33
-6.33
-6.34
-6.34
-6.34
-6.34
-6.35
-6.35
-6.35
-6.35
-6.36
-6.36
-6.36
-6.37
-6.37
-6.37
-6.37
-6.38
-6.38
-6.38
-6.38
-6.39
-6.39
-6.39
-6.39
-6.39
-6.4
-6.4
-6.4
-6.4
-6.41
-6.41
-6.41
-6.41
-6.41
-6.42
-6.42
-6.42
-6.42
-6.42
-6.42
-6.43
-6.43
-6.43
-6.43
-6.43
-6.44
-6.44
-6.44
-6.44
-6.44
-6.44
-6.45
-6.45
-6.45
-6.45
-6.45
-6.45
-6.46
-6.46
-6.46
-6.46
-6.46
-6.46
-6.46
-6.47
-6.47
-6.47
-6.47
-6.47
-6.47
-6.47
-6.48
-6.48
-6.48
-6.48
-6.48
-6.48
-6.48
-6.48
-6.49
-6.49
-6.49
-6.49
-6.49
-6.49
-6.49
-6.49
-6.5
-6.5
-6.5
-6.5
-6.5
-6.5
-6.5
-6.5
-6.5
-6.51
-6.51
-6.51
-6.51
-6.51
-6.51
-6.51
-6.51
-6.51
-6.52
-6.52
-6.52
-6.52
-6.52
-6.52
-6.52
-6.52
-6.52
-6.52
-6.53
-6.53
-6.53
-6.53
-6.53
-6.53
-6.53
-6.53
-6.53
-6.53
-6.53
-6.54
-6.54
-6.54
-6.54
-6.54
-6.54
-6.54
-6.54
-6.54
-6.54
-6.54
-6.54
-6.54
-6.55
-6.55
-6.55
-6.55
-6.55
-6.55
-6.55
-6.55
-6.55
-6.55
-6.24
-5.58
-5.57
-5.59
-5.6
-5.61
-5.63
-5.65
-5.67
-5.32
-5.09
-5.04
-5.07
-5.09
-5.13
-5.16
-5.21
-5.24
-5.28
-5.3
-5.34
-5.37
-5.41
-5.44
-5.47
-5.5
-5.52
-5.52
-5.5
-5.52
-5.4
-5.43
-5.46
-5.48
-5.51
-5.53
-5.56
-5.58
-5.6
-5.25
-4.82
-4.88
-4.86
-4.73
-4.54
-4.63
-4.7
-4.75
-4.82
-4.88
-4.83
-4.89
-4.94
-5
-5.05
-4.63
-4.47
-4.55
-4.63
-4.71
-4.78
-4.85
-4.91
-4.68
-3.9
-3.63
-3.8
-3.95
-4.09
-4.21
-4.32
-4.42
-4.47
-4.56
-4.58
-4.66
-4.73
-4.78
-4.21
-4.31
-4.38
-4.48
-4.57
-4.66
-4.26
-3.82
-3.84
-4
-3.89
-3.69
-3.84
-2.68
-2.94
-3.11
-3.36
-3.57
-3.75
-3.92
-4.06
-3.52
-3.19
-3.14
-2.75
-2.14
-2.35
-2.68
-2.88
-2.81
-3.05
-3.27
-3.38
-3.32
-3.12
-3.36
-3.57
-3.76
-3.83
-3.65
-3.83
-3.98
-4.12
-4.25
-4.33
-4.44
-4.53
-4.62
-4.7
-4.78
-4.85
-4.91
-4.97
-5.03
-5.08
-5.13
-5.17
-5.14
-4.61
-4.37
-4.47
-4.56
-4.64
-4.72
-4.79
-4.86
-4.93
-4.98
-5.01
-5.04
-5.09
-5.13
-5.16
-5.21
-5.05
-4.41
-3.74
-3.89
-4.04
-4.18
-4.28
-4.39
-4.49
-4.58
-4.65
-4.73
-4.79
-4.81
-4.87
-4.94
-4.99
-5.05
-5.1
-5.01
-5.05
-5.09
-5.14
-5.19
-5.23
-5.27
-5.31
-5.34
-5.38
-5.41
-5.44
-5.47
-5.5
-5.53
-5.33
-5.03
-5.08
-5.13
-5.17
-5.21
-4.7
-4.61
-4.68
-4.76
-4.75
-4.76
-4.67
-4.56
-4.64
-4.7
-4.78
-4.82
-4.89
-4.95
-4.97
-4.94
-4.98
-4.84
-4.63
-4.56
-4.65
-4.72
-4.77
-4.84
-4.76
-4.74
-4.81
-4.88
-4.94
-5
-5.05
-5.1
-5.11
-5.16
-5.2
-5.24
-5.28
-5.32
-5.36
-5.39
-5.42
-4.96
-5.02
-5.07
-5.12
-5.16
-5.21
-5.25
-5.29
-5.33
-5.36
-5.4
-5.43
-5.46
-5.49
-5.51
-5.54
-5.57
-5.59
-5.61
-5.64
-5.66
-5.68
-5.7
-5.72
-5.73
-5.75
-5.77
-5.79
-5.8
-5.82
-5.83
-5.85
-5.86
-5.87
-5.89
-5.9
-5.91
-5.92
-5.94
-5.95
-5.96
-5.97
-5.98
-5.99
-6
-6.01
-6.02
-6.03
-6.04
-6.04
-6.05
-6.06
-6.07
-6.08
-6.09
-6.09
-6.1
-6.11
-6.11
-6.12
-6.13
-6.13
-6.14
-6.15
-6.15
-6.16
-6.17
-6.17
-6.18
-6.18
-6.19
-6.19
-6.2
-6.2
-6.21
-6.21
-6.22
-6.22
-6.23
-6.23
-6.24
-6.24
-6.25
-6.25
-6.26
-6.26
-6.26
-6.27
-6.27
-6.28
-6.28
-6.28
-6.29
-6.29
-6.29
-6.3
-6.3
-6.3
-6.31
-6.31
-6.31
-6.32
-6.32
-6.32
-6.33
-6.33
-6.33
-6.34
-6.34
-6.34
-6.35
-6.35
-6.35
-6.35
-6.36
-6.36
-6.36
-6.36
-6.37
-6.37
-6.37
-6.37
-6.38
-6.38
-6.38
-6.38
-6.39
-6.39
-6.39
-6.39
-6.4
-6.4
-6.4
-6.4
-5.45
-5.32
-5.36
-5.39
-5.42
-5.46
-5.48
-5.51
-5.54
-5.56
-5.59
-5.61
-5.63
-5.65
-5.66
-5.68
-5.7
-5.72
-5.74
-5.75
-5.76
-5.68
-5.67
-5.69
-5.71
-5.73
-5.75
-5.65
-5.44
-4.88
-4.82
-4.88
-4.87
-4.17
-4.06
-4.18
-4.29
-4.37
-4.32
-4.34
-4.43
-4.5
-4.53
-4.62
-4.65
-4.73
-4.81
-4.87
-4.93
-4.99
-5.04
-4.81
-4.77
-4.13
-4.24
-4.02
-3.93
-4.05
-4.15
-3.62
-3.74
-3.86
-4
-4.13
-4.2
-3.41
-2.14
-2.54
-2.67
-2.68
-2.99
-3.06
-3.31
-3.53
-3.72
-3.89
-4.04
-4.17
-4.2
-4.06
-3.66
-3.57
-3.61
-3.8
-3.95
-4.08
-2.77
-2.97
-3.24
-3.44
-3.65
-3.82
-3.76
-3.91
-4.06
-3.84
-3.94
-3.73
-3.87
-4.02
-4.11
-4.12
-4.24
-4.36
-4.46
-4.55
-4.64
-4.72
-4.79
-4.86
-4.92
-4.98
-5.04
-5.09
-5.14
-5.18
-5.23
-5.27
-5.31
-5.34
-5.38
-5.41
-5.44
-5.47
-5.5
-5.53
-5.55
-5.58
-5.6
-5.62
-5.64
-5.67
-5.69
-5.71
-5.72
-5.74
-5.76
-5.78
-5.79
-5.81
-5.82
-5.84
-5.85
-5.87
-5.88
-5.89
-5.9
-5.92
-5.93
-5.94
-5.95
-5.96
-5.97
-5.98
-5.99
-6
-6.01
-6.02
-6.03
-6.04
-6.05
-6.06
-6.06
-6.07
-6.08
-6.09
-6.1
-6.1
-6.11
-6.12
-6.12
-6.13
-6.14
-6.14
-6.15
-6.16
-6.16
-6.17
-6.17
-6.18
-6.18
-6.19
-6.2
-6.2
-6.21
-6.21
-6.22
-6.22
-6.23
-6.23
-6.23
-6.24
-6.24
-6.25
-6.25
-6.26
-6.26
-6.27
-6.27
-6.27
-6.28
-6.28
-6.28
-6.29
-6.29
-6.3
-6.3
-6.3
-6.31
-6.31
-6.31
-6.32
-6.32
-6.32
-6.33
-6.33
-6.33
-6.33
-6.34
-6.34
-6.34
-6.35
-6.35
-6.35
-6.35
-6.36
-6.36
-6.36
-6.37
-6.37
-6.37
-6.37
-6.38
-6.38
-6.38
-6.38
-6.38
-6.39
-6.39
-6.39
-6.39
-6.4
-6.4
-6.4
-6.4
-6.4
-6.41
-6.41
-6.41
-6.41
-6.42
-6.42
-6.42
-6.42
-6.42
-6.42
-6.43
-6.43
-6.43
-6.43
-6.43
-6.44
-6.44
-6.44
-6.44
-6.44
-6.44
-6.45
-6.45
-6.45
-6.45
-6.45
-6.45
-6.46
-6.46
-6.46
-6.46
-6.46
-6.46
-6.46
-6.47
-6.47
-6.47
-6.47
-6.47
-6.47
-6.47
-6.48
-6.48
-6.48
-6.48
-6.48
-6.48
-6.48
-6.48
-6.49
-6.49
-6.49
-6.49
-6.49
-6.49
-6.49
-6.49
-6.5
-6.5
-6.5
-6.5
-6.5
-6.5
-6.5
-6.5
-6.5
-6.51
-6.51
-6.51
-6.51
-6.51
-6.51
-6.51
-6.51
-6.51
-6.52
-6.52
-6.52
-6.52
-6.52
-6.52
-6.52
-6.52
-6.52
-6.52
-6.53
-6.53
-6.53
-6.53
-6.53
-6.53
-6.53
-6.53
-6.53
-6.53
-6.53
-6.53
-6.54
-6.54
-6.54
-6.54
-6.54
-6.54
-6.54
-6.54
-6.54
-6.54
-6.54
-6.54
-6.55
-6.55
-6.55
-6.55
-6.55
-6.55
-6.55
-6.55
-6.55
-6.55
-6.55
-6.55
-6.55
-6.56
-6.56
-6.56
-6.56
-6.56
-6.56
-6.56
-6.56
-6.56
-6.56
-6.56
-6.56
-6.56
-6.56
-6.57
-6.57
-6.57
-6.57
-5.2
-4.87
-4.82
-4.88
-4.94
-5
-4.98
-5.03
-5.08
-5.13
-5.17
-5.21
-5.25
-5.29
-5.29
-5.27
-5.22
-5.26
-5.3
-5.33
-5.36
-4.09
-3.86
-4.01
-4.07
-4.2
-4.32
-4.43
-4.49
-4.58
-4.66
-4.74
-4.81
-4.88
-4.93
-4.99
-5.01
-5.06
-5.11
-5.16
-5.2
-5.24
-5.08
-4.09
-2.92
-3.17
-3.41
-3.61
-3.77
-3.9
-4.05
-4.18
-4.3
-4.4
-4.5
-4.59
-4.54
-4.3
-4.27
-4.35
-4.45
-4.55
-4.64
-4.72
-4.78
-4.85
-4.91
-4.97
-5.03
-5.06
-4.87
-4.9
-4.96
-4.96
-5.01
-5.06
-5.1
-5.14
-5.18
-5.23
-5.27
-5.31
-5.31
-5.28
-5.32
-5.36
-5.39
-5.4
-5.43
-5.46
-5.35
-5.21
-5.25
-5.29
-5.32
-5.36
-5.39
-5.42
-5.45
-5.47
-5.5
-5.52
-5.54
-5.56
-5.58
-5.6
-5.63
-5.65
-5.67
-5.63
-5.58
-5.61
-5.63
-5.65
-5.67
-5.69
-5.7
-5.72
-5.74
-5.76
-5.77
-5.79
-5.8
-5.82
-5.83
-5.84
-5.85
-5.83
-5.84
-5.85
-5.87
-5.88
-5.89
-5.91
-5.92
-5.93
-5.94
-5.95
-5.96
-5.97
-5.98
-5.99
-6
-6.01
-6.02
-6.03
-6.04
-6.05
-5.53
-5.56
-5.57
-5.6
-5.53
-5.55
-5.57
-5.6
-5.62
-5.64
-5.66
-5.68
-5.7
-5.72
-5.06
-5.06
-5.11
-5.16
-5.2
-5.25
-5.29
-5.32
-5.36
-5.39
-5.42
-5.28
-5.13
-5.18
-4.79
-4.49
-4.51
-4.58
-4.66
-4.74
-4.81
-4.87
-4.94
-4.99
-5.05
-5.1
-5.15
-5.19
-5.23
-5.27
-5.31
-5.34
-5.38
-5.41
-5.44
-5.47
-5.5
-5.53
-5.55
-5.58
-5.6
-5.62
-5.65
-5.67
-5.69
-5.71
-5.73
-5.74
-5.76
-5.78
-5.79
-5.81
-5.82
-5.84
-5.85
-5.87
-5.88
-5.89
-5.91
-5.92
-5.93
-5.94
-5.95
-5.96
-5.97
-5.98
-5.99
-6
-6.01
-6.02
-6.03
-6.04
-6.05
-6.06
-6.07
-6.07
-6.08
-6.09
-6.1
-6.1
-6.11
-6.12
-6.12
-6.13
-6.14
-6.14
-6.15
-6.16
-6.16
-6.17
-6.17
-6.18
-6.19
-6.19
-6.2
-6.2
-6.21
-6.21
-6.22
-6.22
-6.23
-6.23
-6.24
-6.24
-6.24
-6.25
-6.25
-6.26
-6.26
-6.27
-6.27
-6.27
-6.28
-6.28
-6.28
-6.29
-6.29
-6.3
-6.3
-6.3
-6.31
-6.31
-6.31
-6.32
-6.32
-6.32
-6.33
-6.33
-6.33
-6.33
-6.34
-6.34
-6.34
-6.35
-6.35
-6.35
-6.35
-6.36
-6.36
-6.36
-6.37
-6.37
-6.37
-6.37
-6.38
-6.38
-6.38
-6.38
-6.39
-6.39
-6.39
-6.39
-6.39
-6.4
-6.4
-6.4
-6.4
-6.4
-6.41
-6.41
-6.41
-6.41
-6.42
-6.42
-6.42
-6.42
-6.42
-6.42
-6.43
-6.43
-6.43
-6.43
-6.43
-4.27
-4.31
-4.42
-4.51
-4.6
-4.68
-4.76
-4.83
-4.9
-4.96
-5.01
-5.06
-4.69
-4.74
-4.76
-4.83
-4.89
-4.95
-5
-5.06
-5.11
-5.16
-5.2
-5.24
-5.28
-5.32
-5.35
-5.39
-5.42
-5.42
-5.43
-5.46
-5.48
-5.51
-5.54
-5.56
-5.5
-5.53
-5.55
-5.53
-5.47
-5.5
-5.53
-5.55
-5.58
-5.6
-5.62
-5.65
-5.66
-5.68
-5.69
-5.7
-5.71
-5.73
-5.74
-5.73
-5.74
-5.76
-5.78
-5.79
-5.8
-5.82
-5.83
-5.85
-5.86
-5.88
-5.87
-5.87
-5.88
-5.9
-5.9
-5.91
-5.93
-5.94
-5.94
-5.95
-5.84
-5.85
-5.86
-5.84
-5.83
-5.85
-5.86
-5.88
-5.88
-5.88
-5.88
-4.95
-4.72
-4.77
-4.84
-4.91
-4.96
-5.02
-5.07
-5.12
-5.17
-4.73
-4.8
-4.87
-4.93
-4.99
-5.05
-5.09
-5.1
-4.96
-5.01
-5.06
-5.11
-5.16
-5.2
-5.24
-5.28
-5.31
-5.3
-5.33
-5.35
-5.39
-5.42
-5.45
-5.48
-5.51
-5.54
-5.56
-5.59
-5.61
-5.63
-5.64
-5.66
-5.68
-5.7
-5.72
-5.74
-5.75
-5.77
-5.79
-5.8
-5.82
-5.83
-5.84
-5.85
-5.86
-5.88
-5.89
-5.9
-5.91
-5.93
-5.94
-5.95
-5.94
-5.9
-5.91
-5.93
-5.94
-5.95
-5.96
-5.97
-5.98
-5.99
-6
-6.01
-6.02
-6.03
-6.04
-6.05
-6.05
-6.06
-6.07
-6.08
-6.09
-6.09
-5.52
-5.41
-5.42
-5.44
-5.47
-5.5
-5.53
-5.55
-5.58
-5.6
-5.63
-5.65
-5.67
-5.67
-5.69
-5.71
-5.73
-5.75
-5.77
-5.78
-5.8
-5.81
-5.83
-5.84
-5.86
-5.87
-5.88
-5.9
-5.91
-5.92
-5.93
-5.94
-5.02
-5.06
-5.1
-5.15
-5.19
-5.24
-5.27
-4.52
-4.02
-4.16
-4.28
-4.38
-4.42
-4.51
-4.59
-4.67
-4.75
-4.82
-4.86
-4.91
-4.97
-4.45
-4.54
-4.54
-4.6
-4.68
-4.76
-4.83
-4.9
-4.96
-5.01
-5.05
-5.1
-5.15
-5.19
-5.23
-5.27
-5.31
-5.35
-5.38
-5.42
-5.45
-5.48
-5.5
-5.53
-5.56
-5.58
-5.6
-5.63
-5.65
-5.67
-5.69
-5.71
-5.73
-5.75
-5.76
-5.78
-5.8
-5.81
-5.83
-5.84
-5.85
-5.87
-5.88
-5.89
-5.91
-5.92
-5.93
-5.94
-5.95
-5.96
-5.98
-5.99
-6
-6
-6.01
-6.02
-6.03
-6.04
-6.05
-6.06
-6.07
-6.07
-6.08
-6.09
-6.1
-6.1
-6.11
-6.12
-6.13
-6.13
-6.14
-6.14
-6.15
-6.16
-6.16
-6.17
-6.17
-6.18
-6.19
-6.19
-6.2
-6.2
-6.21
-6.21
-6.22
-6.22
-6.23
-6.23
-6.24
-6.24
-6.24
-6.25
-6.25
-6.26
-6.26
-6.27
-6.27
-6.27
-6.28
-6.28
-6.29
-6.29
-6.29
-6.3
-6.3
-6.3
-6.31
-6.31
-6.31
-6.32
-6.32
-6.32
-6.33
-6.33
-6.33
-6.34
-6.34
-6.34
-6.34
-6.35
-6.35
-6.35
-6.36
-6.36
-6.36
-6.36
-6.37
-6.37
-6.37
-6.37
-6.38
-6.38
-6.38
-6.38
-6.39
-6.39
-6.39
-6.39
-6.39
-6.4
-6.4
-6.4
-6.4
-6.41
-6.41
-6.41
-6.41
-6.41
-6.42
-6.42
-6.42
-6.42
-6.42
-6.42
-6.43
-6.43
-5.67
-5.6
-5.62
-5.64
-5.62
-5.65
-5.67
-5.69
-5.7
-5.72
-5.74
-5.75
-5.77
-5.72
-5.73
-5.75
-5.76
-5.78
-5.8
-5.81
-5.83
-5.84
-5.76
-5.12
-4.23
-3.97
-4.11
-4.24
-4.35
-4.39
-4.49
-4.58
-4.67
-4.74
-4.81
-4.88
-4.94
-5
-5.05
-5.1
-5.15
-5.19
-5.23
-5.27
-5.3
-5.33
-5.37
-5.4
-5.43
-5.46
-5.48
-5.5
-5.53
-5.56
-5.58
-5.58
-5.57
-5.59
-5.62
-5.61
-5.62
-5.64
-5.66
-5.68
-5.7
-5.72
-5.74
-5.75
-5.68
-5.61
-5.63
-5.65
-5.68
-5.7
-5.71
-5.73
-5.74
-5.76
-5.78
-5.79
-5.8
-5.72
-5.74
-5.75
-5.76
-5.76
-5.75
-5.76
-5.78
-5.8
-5.81
-5.83
-5.84
-5.86
-5.87
-5.88
-5.9
-5.9
-5.82
-5.78
-5.8
-5.81
-5.82
-5.84
-5.85
-5.79
-5.8
-5.82
-5.83
-5.84
-5.86
-5.87
-5.88
-5.89
-5.9
-5.91
-5.89
-5.91
-5.92
-5.92
-5.93
-5.94
-5.95
-5.96
-5.97
-5.98
-5.99
-6
-6.01
-6.02
-6.03
-6.04
-6.05
-6.04
-6.05
-6.05
-6.06
-6.07
-6.08
-6.09
-6.09
-6.1
-6.11
-6.11
-6.12
-6.13
-6.14
-6.14
-6.15
-6.15
-6.16
-6.17
-6.17
-6.18
-6.18
-6.19
-6.19
-6.2
-6.2
-6.21
-6.21
-6.22
-6.22
-6.23
-6.23
-6.24
-6.24
-6.25
-6.25
-6.26
-6.26
-6.26
-6.27
-6.27
-6.28
-6.28
-6.28
-6.29
-6.29
-5.79
-5.81
-5.82
-5.84
-5.85
-5.86
-5.88
-5.89
-5.9
-5.92
-5.93
-5.94
-5.95
-5.96
-5.97
-5.98
-5.99
-6
-6.01
-6.02
-6.03
-6.04
-6.05
-6.06
-5.38
-5.41
-5.43
-5.45
-5.48
-5.51
-5.54
-5.56
-5.59
-5.61
-5.63
-5.65
-5.67
-5.69
-5.71
-5.73
-5.75
-5.77
-5.78
-5.8
-5.81
-5.83
-5.84
-5.86
-5.87
-5.88
-5.9
-5.91
-5.92
-5.93
-5.94
-5.96
-5.97
-5.98
-5.99
-6
-6.01
-6.02
-6.03
-6.03
-6.04
-6.05
-6.06
-6.07
-6.08
-6.08
-6.09
-6.1
-6.11
-6.11
-6.12
-6.13
-6.13
-6.14
-6.15
-6.15
-6.16
-6.16
-6.17
-6.18
-6.18
-6.19
-6.19
-6.2
-6.2
-6.21
-6.21
-6.22
-6.22
-6.23
-6.23
-6.24
-6.24
-6.25
-6.25
-6.25
-6.26
-6.26
-6.27
-6.27
-6.27
-6.28
-6.28
-6.29
-6.29
-6.29
-6.3
-6.3
-6.3
-6.31
-6.31
-6.31
-6.32
-6.32
-6.32
-6.33
-6.33
-6.33
-6.34
-6.34
-6.34
-6.34
-6.35
-6.35
-6.35
-6.36
-6.36
-6.36
-6.36
-6.37
-6.37
-6.37
-6.37
-6.38
-6.38
-6.38
-6.38
-6.39
-6.39
-6.39
-6.39
-6.39
-6.4
-6.4
-6.4
-6.4
-6.41
-6.41
-6.41
-6.41
-6.41
-6.42
-6.42
-6.42
-6.42
-6.42
-6.43
-6.43
-6.43
-6.43
-6.43
-6.43
-6.44
-6.44
-6.44
-6.44
-6.44
-6.44
-6.45
-6.45
-6.45
-6.45
-6.45
-6.45
-6.46
-6.46
-6.46
-6.46
-6.35
-6.34
-6.34
-6.34
-6.35
-6.29
-6.3
-6.3
-6.3
-6.31
-6.31
-6.31
-6.32
-6.32
-6.32
-6.33
-6.33
-6.33
-6.33
-6.34
-6.34
-6.34
-6.35
-6.35
-6.35
-6.35
-6.36
-6.36
-5.94
-5.89
-5.85
-5.87
-5.87
-5.89
-5.9
-5.82
-5.82
-5.83
-5.84
-5.54
-5.56
-5.58
-5.55
-5.56
-5.58
-5.48
-5.45
-5.48
-5.42
-5.44
-5.47
-5.48
-5.33
-5.24
-5.28
-5.31
-5.34
-5.37
-5.4
-5.43
-5.46
-5.49
-5.52
-5.55
-5.56
-5.59
-5.61
-5.63
-5.65
-5.39
-4.31
-4.36
-4.46
-4.55
-4.63
-4.7
-4.65
-4.73
-4.76
-4.83
-4.89
-4.91
-4.97
-4.94
-4.99
-5.04
-5.1
-5.14
-5.18
-5.06
-5.07
-5.05
-4.79
-4.67
-4.57
-3.7
-3.33
-3.54
-3.72
-3.88
-4.02
-4.16
-4.26
-4.36
-4.46
-3.64
-3.77
-3.94
-4.08
-4.21
-4.33
-4.43
-4.53
-4.62
-4.7
-4.77
-4.84
-4.9
-4.96
-5.02
-5.07
-5.12
-5.17
-5.2
-5.25
-5.28
-5.21
-5.25
-5.28
-5.32
-5.35
-5.39
-5.42
-5.45
-5.48
-5.34
-5.36
-5.39
-5.1
-5.13
-5.17
-5.22
-5.22
-5.1
-4.47
-4.55
-4.55
-4.64
-4.47
-4.56
-4.65
-4.73
-4.65
-4.44
-4.54
-4.62
-4.7
-4.78
-4.85
-4.91
-4.97
-5.03
-5.08
-5.13
-5.15
-5.12
-5.16
-5.21
-5.25
-5.29
-5.33
-5.36
-5.39
-5.21
-5.24
-5.28
-5.32
-5.35
-5.39
-5.42
-5.45
-5.48
-5.51
-5.53
-5.56
-5.58
-5.61
-5.63
-5.65
-5.67
-5.69
-5.71
-5.73
-5.75
-5.76
-5.78
-5.8
-5.81
-5.83
-5.84
-5.86
-5.87
-5.88
-5.9
-5.91
-5.92
-5.93
-5.94
-5.96
-5.97
-5.98
-5.99
-6
-6.01
-6.02
-6.02
-6.03
-6.04
-6.05
-6.06
-6.07
-6.08
-6.08
-6.09
-6.1
-6.11
-6.11
-6.12
-6.13
-6.13
-6.14
-6.15
-6.15
-6.16
-6.16
-6.17
-6.18
-6.18
-6.19
-6.19
-6.2
-6.2
-6.21
-6.21
-6.22
-6.22
-6.23
-6.23
-6.24
-6.24
-6.25
-6.25
-6.25
-6.26
-6.26
-6.27
-6.27
-6.27
-6.28
-6.28
-6.29
-6.29
-6.29
-6.3
-6.3
-6.3
-6.31
-6.31
-6.31
-6.32
-6.32
-6.32
-6.33
-6.33
-6.33
-6.34
-6.34
-6.34
-6.34
-6.35
-6.35
-6.35
-6.36
-6.36
-6.36
-6.36
-6.37
-6.37
-6.37
-6.37
-6.38
-6.38
-6.38
-6.38
-6.39
-6.39
-6.39
-6.39
-6.39
-6.4
-6.4
-6.4
-6.4
-6.41
-6.41
-6.41
-6.41
-6.41
-6.42
-6.42
-6.42
-6.42
-6.42
-6.43
-6.43
-6.43
-6.43
-6.43
-6.43
-6.44
-6.44
-6.44
-6.44
-6.44
-6.44
-6.45
-6.45
-6.45
-6.45
-6.45
-6.45
-6.46
-6.46
-6.46
-6.46
-6.46
-6.46
-6.46
-6.47
-6.47
-6.47
-6.47
-6.47
-6.47
-6.47
-6.48
-6.48
-6.48
-6.48
-6.48
-6.48
-6.48
-6.49
-6.2
-6.2
-6.2
-6.07
-6.02
-6.01
-4.64
-4.71
-4.78
-4.84
-4.9
-4.95
-5.01
-5.06
-5.11
-4.73
-4.55
-4.63
-4.71
-4.77
-4.84
-4.9
-4.96
-5.01
-5.05
-5.11
-5.15
-5.19
-5.23
-5.27
-5.31
-5.34
-5.37
-5.4
-5.43
-5.46
-5.49
-5.52
-5.38
-5.41
-5.44
-5.47
-5.47
-5.42
-5.41
-5.23
-5.27
-5.3
-5.33
-5.36
-5.4
-5.43
-5.46
-5.48
-5.5
-5.53
-5.55
-5.54
-5.56
-5.57
-5.57
-5.59
-5.6
-5.61
-5.63
-5.65
-5.66
-5.68
-5.7
-5.71
-5.73
-5.75
-5.76
-5.78
-5.8
-5.81
-5.83
-5.84
-5.86
-5.87
-5.88
-5.89
-5.9
-5.91
-5.93
-5.94
-5.95
-5.95
-5.95
-5.96
-5.98
-5.9
-5.82
-5.83
-5.84
-5.86
-5.86
-5.79
-5.79
-5.8
-5.81
-5.82
-5.84
-5.85
-5.79
-5.75
-5.77
-5.78
-5.8
-5.8
-5.82
-5.72
-5.52
-5.54
-5.56
-5.59
-5.61
-5.63
-5.64
-5.66
-5.68
-5.7
-5.72
-5.74
-5.36
-5.19
-5.22
-5.26
-5.3
-5.34
-5.37
-5.4
-5.43
-5.46
-5.49
-5.41
-5.35
-4.99
-5.01
-5.06
-5.11
-5.16
-5.2
-5.25
-5.29
-5.32
-5.36
-5.39
-5.42
-5.34
-5.2
-5.24
-5.28
-4.94
-4.89
-4.95
-5.01
-5.06
-5.11
-5.16
-5.2
-5.24
-5.22
-5.25
-5.29
-5.32
-5.35
-5.38
-5.41
-5.44
-5.47
-5.5
-5.53
-5.55
-5.58
-5.6
-5.6
-5.63
-5.65
-5.67
-5.69
-5.7
-5.72
-5.7
-5.72
-5.74
-5.76
-5.78
-5.79
-5.81
-5.82
-5.84
-5.85
-5.87
-5.88
-5.89
-5.9
-5.92
-5.93
-5.94
-5.95
-5.96
-5.97
-5.98
-5.99
-6
-6.01
-6.02
-6.03
-6.04
-6.05
-6.06
-6.06
-6.07
-6.08
-6.09
-6.1
-6.1
-6.11
-6.12
-6.12
-6.13
-6.14
-6.14
-6.15
-6.16
-6.16
-6.17
-6.17
-6.18
-6.18
-6.19
-6.2
-6.2
-6.21
-6.21
-6.22
-6.22
-6.23
-6.23
-6.23
-6.24
-6.24
-6.25
-6.25
-6.26
-6.26
-6.27
-6.27
-6.27
-6.28
-6.28
-6.28
-6.29
-6.29
-6.3
-6.3
-6.3
-6.31
-6.31
-6.31
-6.32
-6.32
-6.32
-6.33
-6.33
-6.33
-6.33
-6.34
-6.34
-6.34
-6.35
-6.35
-6.35
-6.35
-6.36
-6.36
-6.36
-6.37
-6.37
-6.37
-6.37
-6.38
-6.38
-6.38
-6.38
-6.38
-6.39
-6.39
-6.39
-6.39
-6.4
-6.4
-6.4
-6.4
-6.4
-6.41
-6.41
-6.41
-6.41
-6.41
-6.42
-6.42
-6.42
-6.42
-6.42
-6.43
-6.43
-6.43
-6.43
-6.43
-6.44
-6.44
-6.44
-6.44
-6.44
-6.44
-6.45
-6.45
-6.45
-6.45
-6.45
-6.45
-6.46
-6.46
-6.46
-5.39
-5.35
-5.38
-5.41
-5.44
-5.47
-5.5
-5.53
-5.55
-5.58
-5.6
-5.62
-5.65
-5.67
-3.93
-3.93
-4.08
-4.21
-4.32
-4.42
-4.52
-4.61
-4.69
-4.74
-4.81
-4.38
-4.48
-4.57
-4.66
-4.74
-4.81
-4.87
-4.94
-4.99
-5.05
-5.1
-5.15
-5.19
-5.24
-5.28
-5.31
-5.35
-5.38
-5.42
-5.44
-4.07
-3.69
-3.86
-4.02
-4.15
-4.27
-4.38
-4.46
-4.55
-4.64
-4.72
-4.79
-4.44
-4.53
-4.6
-4.69
-4.76
-4.83
-4.87
-4.93
-4.98
-4.92
-4.98
-5.03
-4.97
-5.01
-5.07
-5.12
-5.06
-5.11
-5.15
-5.2
-5.24
-5.28
-5.31
-5.29
-5.19
-5.18
-5.22
-5.25
-5.29
-5.32
-5.17
-4.97
-5.03
-5.03
-4.29
-4.39
-4.49
-4.58
-4.21
-4.32
-4.43
-4.42
-4.51
-4.54
-4.63
-4.61
-4.69
-4.77
-4.83
-4.54
-3.97
-3.11
-1.43
-1.97
-1.86
-2.19
-2.58
-2.91
-3.18
-3.42
-3.62
-3.8
-3.96
-4.1
-4.23
-4.35
-4.44
-4.53
-4.61
-4.69
-4.77
-4.84
-4.9
-4.96
-5.02
-5.07
-5.12
-4.94
-5
-4.99
-5.04
-5.09
-5.14
-5.19
-5.23
-5.27
-5.31
-5.34
-5.38
-5.41
-5.23
-5.26
-5.27
-5.31
-5.34
-5.38
-5.41
-5.44
-5.47
-5.5
-5.53
-5.53
-5.55
-5.58
-5.6
-5.52
-5.55
-5.57
-5.6
-5.62
-5.64
-5.64
-5.66
-5.68
-5.7
-5.72
-5.74
-5.75
-5.77
-5.79
-5.8
-5.61
-5.63
-5.65
-5.65
-5.61
-5.62
-5.64
-5.58
-5.3
-5.33
-5.37
-5.4
-5.42
-5.45
-5.34
-5.36
-5.38
-5.42
-5.45
-5.48
-5.49
-5.52
-5.55
-5.57
-5.59
-5.61
-5.64
-5.66
-5.68
-5.7
-5.72
-5.73
-5.75
-5.77
-5.79
-5.8
-5.82
-5.83
-5.85
-5.86
-5.85
-5.86
-5.87
-5.87
-5.88
-5.89
-5.91
-5.92
-5.93
-5.94
-5.95
-5.96
-5.97
-5.98
-5.99
-6
-6.01
-6.02
-6.03
-6.04
-6.05
-6.06
-6.07
-6.07
-6.08
-6.09
-6.1
-6.1
-6.11
-6.12
-6.12
-6.13
-6.14
-6.14
-6.15
-6.16
-6.16
-6.17
-6.17
-6.18
-6.19
-6.19
-6.2
-6.2
-6.21
-6.21
-6.22
-6.22
-6.23
-6.23
-6.24
-6.24
-6.24
-6.25
-6.25
-6.26
-6.26
-6.27
-6.27
-6.27
-6.28
-6.28
-6.28
-6.29
-6.29
-6.3
-6.3
-6.3
-6.31
-6.31
-6.31
-6.32
-6.32
-6.32
-6.33
-6.33
-6.33
-6.34
-6.34
-6.34
-6.34
-6.35
-6.35
-6.35
-6.36
-6.36
-6.36
-6.36
-6.37
-6.37
-6.37
-6.37
-6.38
-6.38
-6.38
-6.38
-6.39
-6.39
-6.39
-6.39
-6.39
-6.4
-6.4
-6.4
-6.4
-6.41
-6.41
-6.41
-6.41
-6.41
-6.42
-6.42
-6.42
-6.42
-6.42
-6.42
-6.43
-6.43
-6.43
-6.43
-6.43
-6.44
-6.44
-6.44
-6.44
-6.44
-6.44
-6.45
-6.45
-6.45
-6.45
-6.45
-6.45
-6.46
-6.46
-6.46
-6.46
-6.46
-6.46
-6.46
-6.47
-6.47
-6.47
-6.47
-6.47
-6.47
-6.47
-6.48
-6.48
-6.48
-6.48
-6.48
-6.48
-6.48
-6.48
-6.49
-6.49
-6.49
-6.49
-6.49
-6.49
-6.49
-6.49
-6.5
-6.5
-6.5
-6.5
-6.5
-6.5
-6.5
-6.5
-6.5
-6.51
-6.51
-6.51
-6.51
-6.51
-6.51
-6.51
-6.51
-6.51
-6.52
-6.52
-6.52
-6.52
-6.52
-6.52
-6.52
-6.52
-6.52
-6.52
-6.53
-6.53
-6.53
-6.53
-6.53
-6.53
-6.53
-6.53
-6.53
-6.53
-6.53
-6.54
-6.54
-6.54
-6.54
-6.54
-6.54
-6.54
-6.54
-6.54
-6.54
-6.54
-6.54
-6.55
-6.55
-6.55
-6.55
-6.55
-6.55
-6.55
-6.55
-6.43
-6.43
-6.42
-6.23
-6.23
-6.23
-6
-4.84
-4.84
-4.9
-4.96
-5.01
-4.96
-4.81
-4.73
-3.9
-4.05
-4.18
-4.3
-4.41
-4.41
-4.03
-3.75
-3.51
-1.57
-1.79
-2.15
-2.55
-2.87
-3.15
-3.39
-3.59
-3.77
-3.94
-4.07
-4.2
-4.32
-4.43
-4.5
-4.18
-4.01
-4.14
-4.26
-4.37
-4.47
-4.56
-4.64
-4.72
-4.78
-4.84
-4.87
-4.93
-4.99
-5.04
-5.04
-5.09
-5.14
-5.19
-5.23
-5.26
-5.3
-5.33
-5.32
-5.3
-5.34
-5.37
-5.4
-5.42
-5.46
-5.47
-5.42
-5.45
-5.48
-5.5
-5.53
-5.56
-5.45
-5.42
-5.45
-5.14
-5.19
-5.23
-5.27
-5.29
-5.26
-5.29
-5.33
-5.35
-5.38
-5.41
-5.43
-5.46
-5.48
-5.51
-5.53
-5.56
-5.58
-5.61
-5.63
-5.64
-5.67
-5.69
-5.71
-5.72
-5.55
-5.19
-4.9
-4.96
-5.01
-5.06
-5.11
-5.16
-5.2
-5.25
-5.28
-5.32
-5.36
-5.39
-5.42
-5.09
-5.13
-5.18
-5.22
-5.26
-5.3
-4.94
-4.81
-4.85
-4.92
-4.97
-5.03
-5.07
-5.12
-5.16
-5.21
-5.25
-5.29
-5.33
-5.36
-5.39
-5.43
-5.46
-5.49
-5.24
-4.73
-4.81
-4.49
-4.58
-4.66
-4.74
-4.81
-4.87
-4.94
-4.98
-5.04
-5.09
-5.07
-5.12
-5.16
-5.2
-4.97
-5.02
-5.04
-5.09
-5.13
-5.18
-5.2
-5.24
-5.28
-5.32
-5.35
-5.39
-5.42
-4.34
-4.34
-4.44
-4.52
-4.49
-4.54
-4.6
-4.68
-4.76
-4.83
-4.89
-4.95
-5.01
-5.05
-5.1
-5.15
-5.2
-5.24
-5.28
-5.32
-5.35
-5.39
-5.42
-5.45
-5.48
-5.51
-5.53
-5.56
-5.58
-5.61
-5.63
-5.65
-5.67
-5.69
-5.71
-5.73
-5.75
-5.76
-5.78
-5.8
-5.81
-5.83
-5.84
-5.86
-5.87
-5.88
-5.9
-5.91
-5.92
-5.93
-5.94
-5.95
-5.97
-5.98
-5.99
-6
-6.01
-6.02
-6.02
-6.03
-6.04
-6.05
-6.06
-6.07
-6.07
-6.08
-6.09
-6.1
-6.1
-6.11
-6.12
-6.13
-6.13
-6.14
-6.15
-6.15
-6.16
-6.16
-6.17
-6.18
-6.18
-6.19
-6.19
-6.2
-6.2
-6.21
-6.21
-6.22
-6.22
-6.23
-6.23
-6.24
-6.24
-6.25
-6.25
-6.25
-6.26
-6.26
-6.27
-6.27
-6.27
-6.28
-6.28
-6.29
-6.29
-6.29
-6.3
-6.3
-6.3
-6.31
-6.31
-6.31
-6.32
-6.32
-6.32
-6.33
-6.33
-6.33
-6.34
-6.34
-6.34
-6.34
-6.35
-6.35
-6.35
-6.36
-6.36
-6.36
-6.36
-6.37
-6.37
-6.37
-6.37
-6.38
-6.38
-6.38
-6.38
-6.39
-5.23
-5.27
-5.31
-5.34
-5.38
-5.41
-5.44
-5.47
-5.5
-5.53
-5.55
-5.58
-5.6
-5.62
-5.65
-5.67
-5.69
-5.71
-5.73
-5.74
-5.76
-5.78
-5.79
-5.81
-5.82
-5.84
-5.85
-5.87
-5.88
-5.89
-5.91
-5.92
-5.93
-5.94
-5.95
-5.96
-5.97
-5.98
-5.99
-6
-6.01
-6.02
-5.65
-5.61
-5.22
-5.19
-5.23
-4.99
-5.04
-5.1
-5.01
-4.85
-4.91
-4.97
-5.03
-5.08
-5.13
-5.17
-5.22
-5.26
-5.29
-5.33
-5.36
-5.4
-5.42
-5.45
-5.48
-5.51
-5.54
-5.56
-5.59
-5.61
-5.63
-5.65
-5.67
-5.69
-5.67
-5.69
-5.51
-5.38
-5.41
-5.44
-5.47
-5.5
-5.2
-5.02
-5.05
-5.1
-5.15
-5.19
-5.23
-5.27
-5.16
-5.2
-5.24
-5.28
-5.29
-5.33
-5.36
-5.4
-5.43
-5.46
-5.47
-5.5
-5.52
-5.54
-5.57
-5.59
